1 18 37
18 19 37
19 37 38
19 38 20
20 21 38
21 38 39
21 22 39
39 40 22
40 22 28
22 23 28
21 22 24
22 23 24
23 28 43
43 44 23
23 24 44
24 25 44
25 44 45
25 26 45
26 45 46
26 27 46
27 17 46
16 17 46
15 16 46
46 47 15
15 55 47
36 55 47
47 48 36
43 48 36
28 29 43
29 30 43
30 36 43
28 29 40
29 30 40
30 40 41
30 32 41
32 41 42
3 42 32
2 3 42
2 37 42
1 2 37
3 4 32
37 38 42
38 42 41
38 41 39
39 40 41
43 44 48
44 48 45
48 47 45
45 47 46
32 30 31
30 31 36
31 32 33
31 33 34
31 34 35
31 35 36
14 15 55
13 14 55
12 13 55
11 12 55
55 56 11
10 11 56
56 57 10
9 10 57
57 58 9
8 9 58
58 59 8
7 8 59
7 59 60
6 7 60
6 60 49
5 49 6
4 5 49
4 49 32
49 50 32
50 32 33
33 50 51
51 33 34
34 51 52
52 53 34
34 35 53
35 36 53
53 54 36
54 55 36
49 61 50
49 61 60
61 50 60
62 50 51
51 62 52
62 63 52
63 64 52
52 53 64
53 54 64
54 55 65
65 55 56
65 54 56
66 56 54
54 66 64
63 64 66
63 67 66
67 68 63
62 63 68
50 62 68
68 60 50
66 56 57
66 67 57
57 58 67
58 59 67
67 68 59
68 59 60